 Cycle    Time        FAM        HEX  ROX        CY5
     1  841361 468.027972 402.965035  0.0 367.944056
     2  949360 454.405594 406.335664  0.0 368.174825
     3 1058361 448.090909 409.764569  0.0 369.247086
     4 1167361 447.360140 413.086247  0.0 370.958042
     5 1276360 450.489510 416.135198  0.0 373.104895
     6 1384360 455.755245 418.745921  0.0 375.484848
     7 1492360 460.778555 421.303030  0.0 377.759907
     8 1600360 461.953380 422.156177  0.0 382.505828
     9 1708360 462.589744 418.927739  0.0 381.776224
    10 1816360 459.717949 421.006993  0.0 380.319347
    11 1925360 458.184149 417.254079  0.0 381.766900
    12 2034360 456.382284 416.515152  0.0 378.923077
    13 2143360 452.708625 411.554779  0.0 378.622378
    14 2252360 451.720280 408.435897  0.0 377.233100
    15 2361359 451.358974 406.526807  0.0 374.524476
    16 2470360 455.209790 407.041958  0.0 375.720280
    17 2579360 456.944056 408.843823  0.0 377.617716
    18 2688360 455.151515 410.941725  0.0 378.811189
    19 2797359 453.981352 414.365967  0.0 377.811189
    20 2906360 452.153846 417.400932  0.0 378.132867
    21 3015360 451.736597 419.498834  0.0 378.811189
    22 3124360 451.226107 419.037296  0.0 378.358974
    23 3232360 447.650350 416.752914  0.0 377.773893
    24 3341360 449.365967 416.123543  0.0 379.289044
    25 3449360 451.773893 411.489510  0.0 380.610723
    26 3557359 460.659674 408.111888  0.0 385.582751
    27 3665360 465.039627 405.515152  0.0 384.545455
    28 3774360 464.664336 404.785548  0.0 386.097902
    29 3883360 466.550117 406.396270  0.0 391.207459
    30 3992360 469.468531 405.708625  0.0 407.247086
    31 4101360 470.179487 407.864802  0.0 434.678322
    32 4210360 469.214452 412.242424  0.0 474.184149
    33 4319359 469.421911 424.149184  0.0 524.491841
    34 4427360 473.937063 443.067599  0.0 587.076923
    35 4535360 484.132867 467.174825  0.0 653.396270
    36 4643360 498.615385 497.878788  0.0 720.645688
    37 4751360 512.060606 528.932401  0.0 777.254079
    38 4860360 530.291375 565.163170  0.0 827.687646
    39 4969360 554.675991 601.074592  0.0 871.587413
    40 5078360 583.428904 631.692308  0.0 906.631702
    41 5187359 614.503497 662.354312  0.0 933.386946
    42 5296360 649.604895 694.336830  0.0 954.481352
    43 5405360 689.009324 728.680653  0.0 970.944056
    44 5513360 732.993007 766.426573  0.0 983.804196
    45 5622360 781.832168 808.615385  0.0 994.090909