 Cycle    Time        FAM        HEX  ROX        CY5
     1  862177 500.146853 354.188811  0.0 182.006993
     2  972177 503.412587 357.797203  0.0 180.566434
     3 1082177 505.496503 358.510490  0.0 178.769231
     4 1192177 506.491841 357.210956  0.0 176.842657
     5 1301177 506.491841 354.780886  0.0 175.013986
     6 1411177 505.589744 352.102564  0.0 173.510490
     7 1521177 503.386946 352.519814  0.0 172.853147
     8 1631177 498.827506 352.459207  0.0 173.053613
     9 1741177 498.762238 354.655012  0.0 174.939394
    10 1851177 498.163170 354.284382  0.0 175.757576
    11 1961177 495.414918 356.263403  0.0 176.258741
    12 2071177 495.291375 359.006993  0.0 178.324009
    13 2181177 494.219114 358.333333  0.0 178.370629
    14 2291178 495.503497 360.776224  0.0 179.121212
    15 2401177 497.547786 361.480186  0.0 176.876457
    16 2511177 498.678322 358.526807  0.0 178.496503
    17 2621177 496.988345 358.480186  0.0 177.965035
    18 2731177 497.365967 356.643357  0.0 178.825175
    19 2841177 498.317016 352.689977  0.0 179.657343
    20 2951177 497.720280 348.997669  0.0 181.571096
    21 3061177 495.132867 346.734266  0.0 181.060606
    22 3170177 491.424242 347.456876  0.0 181.209790
    23 3279178 489.013986 345.904429  0.0 180.048951
    24 3388177 485.230769 346.965035  0.0 177.405594
    25 3497178 485.375291 349.002331  0.0 176.881119
    26 3606177 484.682984 349.874126  0.0 181.034965
    27 3715177 485.032634 348.526807  0.0 181.909091
    28 3824177 487.724942 345.969697  0.0 189.326340
    29 3934177 488.118881 347.142191  0.0 192.680653
    30 4043177 489.193473 348.258741  0.0 200.745921
    31 4153177 487.899767 347.344988  0.0 204.941725
    32 4262177 488.608392 349.836830  0.0 210.867133
    33 4372177 490.976690 348.627040  0.0 217.445221
    34 4481177 489.377622 352.186480  0.0 225.006993
    35 4590178 493.578089 354.645688  0.0 234.333333
    36 4699177 496.578089 351.995338  0.0 246.911422
    37 4809177 497.494172 349.482517  0.0 257.118881
    38 4918177 497.643357 346.305361  0.0 268.207459
    39 5027177 496.123543 345.060606  0.0 272.177156
    40 5136177 495.540793 342.958042  0.0 280.673660
    41 5247177 493.466200 339.710956  0.0 283.878788
    42 5356177 492.001166 338.389277  0.0 286.665501
    43 5466177 491.808858 340.219114  0.0 289.913753
    44 5576177 493.552448 346.426573  0.0 294.503497
    45 5689177 497.895105 358.237762  0.0 301.314685