 Cycle    Time        FAM        HEX  ROX        CY5
     1  846135 420.454545 419.503497  0.0 311.958042
     2  954135 422.036364 423.619580  0.0 312.492308
     3 1062135 423.254545 427.117949  0.0 313.014918
     4 1170135 424.109091 429.998601  0.0 313.525874
     5 1278135 424.600000 432.261538  0.0 314.025175
     6 1386135 424.727273 433.906760  0.0 314.512821
     7 1494135 422.703963 434.979021  0.0 313.692308
     8 1602135 424.813520 434.424242  0.0 315.004662
     9 1710135 423.242424 432.468531  0.0 313.480186
    10 1818135 423.720280 432.491841  0.0 315.044289
    11 1926135 425.951049 433.841492  0.0 312.955711
    12 2034135 425.011655 436.235431  0.0 314.897436
    13 2142135 425.662005 439.671329  0.0 318.920746
    14 2250135 424.139860 441.167832  0.0 320.004662
    15 2358135 424.955711 440.118881  0.0 319.946387
    16 2466135 423.596737 437.244755  0.0 321.445221
    17 2574135 421.643357 434.251748  0.0 322.596737
    18 2682135 423.867133 429.797203  0.0 321.305361
    19 2790135 421.829837 428.585082  0.0 322.368298
    20 2898135 421.461538 427.235431  0.0 322.000000
    21 3006135 423.130536 425.202797  0.0 318.319347
    22 3114135 424.062937 424.400932  0.0 322.617716
    23 3222135 427.193473 427.545455  0.0 322.293706
    24 3330135 426.622378 432.156177  0.0 322.668998
    25 3438135 426.456876 436.053613  0.0 319.617716
    26 3546135 428.242424 437.421911  0.0 320.396270
    27 3654135 430.363636 437.062937  0.0 319.412587
    28 3762136 432.783217 438.515152  0.0 323.184149
    29 3870135 431.930070 438.820513  0.0 338.188811
    30 3978135 429.559441 434.270396  0.0 355.627040
    31 4086135 427.911422 432.713287  0.0 387.258741
    32 4194135 428.547786 434.307692  0.0 429.296037
    33 4302135 433.118881 436.055944  0.0 473.328671
    34 4410136 440.146853 445.825175  0.0 527.599068
    35 4518135 449.391608 458.932401  0.0 580.615385
    36 4626136 469.843823 477.384615  0.0 637.212121
    37 4734135 496.174825 500.694639  0.0 687.118881
    38 4842135 532.881119 532.356643  0.0 733.745921
    39 4949135 575.135198 569.086247  0.0 779.454545
    40 5056135 625.946387 608.156177  0.0 815.508159
    41 5163135 680.342657 645.531469  0.0 848.784615
    42 5270135 741.167832 684.839161  0.0 877.995804
    43 5377135 808.421911 726.079254  0.0 903.141725
    44 5484135 882.104895 769.251748  0.0 924.222378
    45 5591135 962.216783 814.356643  0.0 941.237762