 Cycle    Time        FAM        HEX  ROX        CY5
     1  841518 504.601399 429.461538  0.0 218.000000
     2  949518 497.055944 414.832168  0.0 218.314685
     3 1057518 492.282051 407.953380  0.0 218.501166
     4 1165518 489.789044 407.045455  0.0 218.586247
     5 1273518 489.086247 410.328671  0.0 218.596737
     6 1381518 489.682984 416.023310  0.0 218.559441
     7 1489522 493.419580 420.247086  0.0 217.002331
     8 1597520 494.025641 422.657343  0.0 217.081585
     9 1705518 492.240093 426.202797  0.0 218.305361
    10 1814518 490.503497 428.897436  0.0 219.939394
    11 1922518 490.000000 424.200466  0.0 220.251748
    12 2030518 489.032634 422.037296  0.0 219.734266
    13 2138524 488.144522 418.314685  0.0 217.123543
    14 2246518 489.750583 415.473193  0.0 215.251748
    15 2354529 485.948718 418.850816  0.0 218.312354
    16 2462529 485.895105 420.487179  0.0 217.993007
    17 2571518 486.379953 421.582751  0.0 222.114219
    18 2680518 487.382284 420.046620  0.0 225.797203
    19 2789518 488.722611 422.613054  0.0 227.641026
    20 2897518 489.757576 421.993007  0.0 226.291375
    21 3005518 488.386946 418.529138  0.0 227.244755
    22 3113518 486.517483 417.020979  0.0 228.361305
    23 3222524 489.426573 417.002331  0.0 227.920746
    24 3331518 492.351981 416.659674  0.0 223.769231
    25 3440518 491.505828 417.662005  0.0 224.151515
    26 3549521 491.307692 417.895105  0.0 223.666667
    27 3658518 490.072261 415.051282  0.0 227.060606
    28 3772518 491.613054 412.554779  0.0 228.074592
    29 3880518 491.389277 413.512821  0.0 228.293706
    30 3989518 488.764569 416.559441  0.0 230.510490
    31 4098519 485.202797 419.016317  0.0 241.806527
    32 4206518 485.459207 419.107226  0.0 255.524476
    33 4314518 486.146853 422.020979  0.0 271.156177
    34 4423518 483.783217 421.848485  0.0 288.398601
    35 4532526 482.745921 419.918415  0.0 309.648019
    36 4641523 481.428904 416.689977  0.0 329.682984
    37 4750523 480.643357 413.174825  0.0 347.641026
    38 4858518 482.510490 414.282051  0.0 365.025641
    39 4966526 484.328671 416.813520  0.0 378.156177
    40 5075518 485.652681 418.550117  0.0 390.664336
    41 5184518 487.965035 419.895105  0.0 401.219114
    42 5293518 488.849650 420.339161  0.0 408.974359
    43 5401518 487.372960 419.473193  0.0 413.445221
    44 5509527 482.601399 416.888112  0.0 414.146853
    45 5619518 473.601399 412.174825  0.0 410.594406