 Cycle    Time        FAM        HEX  ROX        CY5
     1  846135 423.181818 424.136364  0.0 312.045455
     2  954135 423.127273 425.472727  0.0 312.527273
     3 1062135 423.072727 426.809091  0.0 313.009091
     4 1170135 423.018182 428.145455  0.0 313.490909
     5 1278135 422.963636 429.481818  0.0 313.972727
     6 1386135 422.909091 430.818182  0.0 314.454545
     7 1494135 424.545455 431.727273  0.0 315.090909
     8 1602135 423.636364 433.363636  0.0 314.363636
     9 1710135 424.454545 436.000000  0.0 315.636364
    10 1818135 424.454545 436.909091  0.0 314.636364
    11 1926135 423.818182 436.545455  0.0 317.000000
    12 2034135 425.000000 435.454545  0.0 317.636364
    13 2142135 424.181818 434.636364  0.0 317.090909
    14 2250135 424.000000 434.909091  0.0 318.454545
    15 2358135 423.090909 434.909091  0.0 319.818182
    16 2466135 423.818182 434.272727  0.0 319.545455
    17 2574135 424.545455 433.272727  0.0 319.636364
    18 2682135 422.818182 433.363636  0.0 321.363636
    19 2790135 424.090909 431.090909  0.0 321.272727
    20 2898135 424.363636 429.636364  0.0 321.545455
    21 3006135 424.272727 430.272727  0.0 323.727273
    22 3114135 425.181818 432.000000  0.0 321.090909
    23 3222135 424.909091 432.090909  0.0 321.909091
    24 3330135 426.727273 431.818182  0.0 322.272727
    25 3438135 428.181818 432.090909  0.0 326.272727
    26 3546135 429.000000 433.272727  0.0 330.909091
    27 3654135 429.454545 435.000000  0.0 341.090909
    28 3762136 429.181818 435.181818  0.0 355.818182
    29 3870135 430.181818 436.000000  0.0 372.454545
    30 3978135 432.636364 440.272727  0.0 398.272727
    31 4086135 436.909091 443.727273  0.0 426.000000
    32 4194135 443.454545 447.454545  0.0 457.454545
    33 4302135 452.000000 457.000000  0.0 497.454545
    34 4410136 464.272727 468.272727  0.0 538.181818
    35 4518135 482.818182 483.909091  0.0 583.272727
    36 4626136 504.272727 503.363636  0.0 626.909091
    37 4734135 533.727273 527.454545  0.0 672.818182
    38 4842135 568.545455 554.454545  0.0 716.636364
    39 4949135 611.090909 584.727273  0.0 756.272727
    40 5056135 658.090909 617.818182  0.0 795.181818
    41 5163135 709.272727 654.227273  0.0 830.490909
    42 5270135 760.454545 690.636364  0.0 865.800000
    43 5377135 811.636364 727.045455  0.0 901.109091
    44 5484135 862.818182 763.454545  0.0 936.418182
    45 5591135 914.000000 799.863636  0.0 971.727273