 Cycle    Time        FAM        HEX  ROX        CY5
     1  862177 506.772727 354.727273  0.0 179.227273
     2  972177 505.727273 354.836364  0.0 178.636364
     3 1082177 504.681818 354.945455  0.0 178.045455
     4 1192177 503.636364 355.054545  0.0 177.454545
     5 1301177 502.590909 355.163636  0.0 176.863636
     6 1411177 501.545455 355.272727  0.0 176.272727
     7 1521177 501.090909 355.363636  0.0 176.000000
     8 1631177 501.636364 355.454545  0.0 175.909091
     9 1741177 499.636364 354.363636  0.0 175.545455
    10 1851177 498.454545 356.090909  0.0 175.909091
    11 1961177 498.363636 356.636364  0.0 176.363636
    12 2071177 497.272727 356.454545  0.0 176.272727
    13 2181177 497.272727 358.181818  0.0 177.181818
    14 2291178 496.727273 357.454545  0.0 177.000000
    15 2401177 496.545455 356.818182  0.0 179.090909
    16 2511177 496.090909 357.000000  0.0 178.636364
    17 2621177 497.000000 354.727273  0.0 179.363636
    18 2731177 496.363636 353.636364  0.0 179.454545
    19 2841177 494.727273 353.272727  0.0 179.727273
    20 2951177 493.454545 352.272727  0.0 179.181818
    21 3061177 492.545455 351.454545  0.0 179.545455
    22 3170177 491.727273 349.636364  0.0 179.181818
    23 3279178 490.272727 349.272727  0.0 179.909091
    24 3388177 490.090909 348.363636  0.0 182.545455
    25 3497178 488.545455 347.545455  0.0 184.818182
    26 3606177 488.727273 346.727273  0.0 185.545455
    27 3715177 488.272727 347.000000  0.0 190.090909
    28 3824177 486.454545 349.000000  0.0 191.272727
    29 3934177 487.000000 349.181818  0.0 196.363636
    30 4043177 487.363636 348.818182  0.0 200.000000
    31 4153177 489.636364 349.454545  0.0 207.272727
    32 4262177 491.090909 348.636364  0.0 214.818182
    33 4372177 491.000000 350.818182  0.0 222.818182
    34 4481177 493.818182 349.272727  0.0 230.636364
    35 4590178 493.181818 347.454545  0.0 238.727273
    36 4699177 492.545455 348.545455  0.0 245.454545
    37 4809177 493.181818 348.363636  0.0 252.818182
    38 4918177 494.181818 347.272727  0.0 259.000000
    39 5027177 495.272727 345.818182  0.0 268.727273
    40 5136177 495.272727 346.454545  0.0 274.181818
    41 5247177 495.081818 346.290909  0.0 280.500000
    42 5356177 494.890909 346.127273  0.0 286.818182
    43 5466177 494.700000 345.963636  0.0 293.136364
    44 5576177 494.509091 345.800000  0.0 299.454545
    45 5689177 494.318182 345.636364  0.0 305.772727