 Cycle    Time        FAM        HEX  ROX        CY5
     1  841518 495.590909 414.045455  0.0 218.318182
     2  949518 495.218182 415.072727  0.0 218.345455
     3 1057518 494.845455 416.100000  0.0 218.372727
     4 1165518 494.472727 417.127273  0.0 218.400000
     5 1273518 494.100000 418.154545  0.0 218.427273
     6 1381518 493.727273 419.181818  0.0 218.454545
     7 1489522 491.181818 418.545455  0.0 219.181818
     8 1597520 490.727273 420.000000  0.0 218.363636
     9 1705518 491.272727 420.363636  0.0 217.454545
    10 1814518 491.272727 418.909091  0.0 217.363636
    11 1922518 490.000000 421.181818  0.0 217.909091
    12 2030518 489.090909 421.909091  0.0 218.545455
    13 2138524 489.181818 422.545455  0.0 219.909091
    14 2246518 487.909091 422.909091  0.0 220.636364
    15 2354529 488.909091 420.727273  0.0 219.454545
    16 2462529 487.818182 420.090909  0.0 222.363636
    17 2571518 488.000000 419.181818  0.0 223.000000
    18 2680518 488.454545 419.545455  0.0 223.000000
    19 2789518 488.000000 418.090909  0.0 222.909091
    20 2897518 487.181818 419.090909  0.0 224.636364
    21 3005518 488.363636 420.090909  0.0 225.636364
    22 3113518 490.818182 419.363636  0.0 225.727273
    23 3222524 490.090909 418.727273  0.0 225.636364
    24 3331518 489.181818 417.545455  0.0 228.000000
    25 3440518 490.363636 415.727273  0.0 228.090909
    26 3549521 489.909091 414.818182  0.0 228.818182
    27 3658518 489.909091 416.181818  0.0 228.727273
    28 3772518 488.454545 418.090909  0.0 232.818182
    29 3880518 488.090909 418.454545  0.0 240.181818
    30 3989518 488.636364 417.818182  0.0 249.636364
    31 4098519 488.909091 417.454545  0.0 257.272727
    32 4206518 486.181818 418.000000  0.0 268.181818
    33 4314518 483.909091 416.181818  0.0 281.272727
    34 4423518 484.272727 416.545455  0.0 295.181818
    35 4532526 483.818182 417.272727  0.0 308.727273
    36 4641523 484.272727 418.636364  0.0 324.636364
    37 4750523 484.909091 420.272727  0.0 341.090909
    38 4858518 484.363636 418.909091  0.0 355.363636
    39 4966526 483.909091 417.000000  0.0 368.727273
    40 5075518 483.181818 416.090909  0.0 379.090909
    41 5184518 483.127273 416.536364  0.0 389.445455
    42 5293518 483.072727 416.981818  0.0 399.800000
    43 5401518 483.018182 417.427273  0.0 410.154545
    44 5509527 482.963636 417.872727  0.0 420.509091
    45 5619518 482.909091 418.318182  0.0 430.863636