len(y) = 41
len(y[:min_index]) = 31
len(y[min_index:]) = 10

d = [7856.1733007517905, 69588.77445601214]
R = [43897.87912050806] << 해당 값 기준으로 나뉘어짐


y 
[ 36041.70581976  44468.35816635  49549.48932886  51954.68700094
  52353.53887621  51415.6326483   49660.68439712  49346.43746509
  49080.53621491  48862.98064658  48693.77076011  49186.89671498
  49651.01526075  49694.52637442  49791.21773812  49501.14364701
  49438.29426061  49259.41523776  48669.59791918  47813.87935042
  46663.25212237  45754.35330358  44743.9285529   44294.31371168
  44502.20014364  44632.73348464  44782.60509838  44826.11621204
  44714.92114379  44221.79518891  43897.87912051  44932.47671211
  47707.51885035  52537.25246724  59668.24054023  68447.81636433
  78629.41696211  89021.32127593  98929.76877125 107660.9989135
 114521.25116813]

y[:min_index]
 [36041.70581976 44468.35816635 49549.48932886 51954.68700094
 52353.53887621 51415.6326483  49660.68439712 49346.43746509
 49080.53621491 48862.98064658 48693.77076011 49186.89671498
 49651.01526075 49694.52637442 49791.21773812 49501.14364701
 49438.29426061 49259.41523776 48669.59791918 47813.87935042
 46663.25212237 45754.35330358 44743.9285529  44294.31371168
 44502.20014364 44632.73348464 44782.60509838 44826.11621204
 44714.92114379 44221.79518891 43897.87912051]

y[min_index:]
[ 44932.47671211  47707.51885035  52537.25246724  59668.24054023
  68447.81636433  78629.41696211  89021.32127593  98929.76877125
 107660.9989135  114521.25116813]

C_y_d << 30개 + 9개
[[8426.652346590898, 5081.13116251694, 2405.1976720762977, 398.85187526893424, -937.9062279050195, -1754.9482511833048, -314.24693203007337, -265.9012501792895, -217.55556832850561, -169.20988647772901, 493.12595487795625, 464.1185457674874, 43.511113665706944, 96.6913637015532, -290.07409110467415, -62.84938640601467, -178.87902284789016, -589.8173185795167, -855.7185687587989, -1150.6272280485646, -908.8988187946525, -1010.4247506813044, -449.6148412122493, 207.88643195835175, 130.53334099710628, 149.87161373742128, 43.51111366569967, -111.19506825679127, -493.12595487795625, -323.91606840022723], [2775.042138234763, 4829.733616892903, 7130.988072990025, 8779.575824101601, 10181.600597773984, 10391.904313825085, 9908.44749531729, 8731.230142250817, 6860.252254625666]]
